[0m[38;2;116;17;14;48;2;178;27;26m▏[38;2;31;5;4;48;2;166;25;26m▃[38;2;1;0;0;48;2;163;25;25m▃[48;2;164;25;25m▃▃[48;2;163;26;25m▃▃▃▃▃▃▃▃▃▃▃▃▃▃▃▃▃▃▃▃▃▃▃▃▃▃▃▃[38;2;71;15;16m▃[38;2;68;10;10;48;2;165;25;25m▃[38;2;180;26;27;48;2;147;26;27m▇[0m
[38;2;119;17;14;48;2;183;27;26m▏[38;2;166;33;33;48;2;10;1;1m▏[48;2;0;0;0m           [38;2;0;0;0;48;2;6;1;1m┈[38;2;153;22;21;48;2;13;2;2m▃[38;2;152;24;23;48;2;45;7;7m▖[38;2;167;23;23;48;2;22;3;3m▃[38;2;116;18;18;48;2;29;5;6m▆[38;2;171;26;24;48;2;20;2;3m▄[38;2;95;15;15;48;2;5;0;1m▂[38;2;178;27;25;48;2;48;9;10m▗[38;2;148;21;20;48;2;11;2;2m▂[38;2;0;0;0;48;2;1;0;0m┈[48;2;0;0;0m         [38;2;1;0;0m╶[38;2;8;1;1;48;2;103;19;19m▎[38;2;106;18;19;48;2;28;1;1m▋[38;2;183;27;27;48;2;158;31;30m▉[0m
[38;2;119;17;14;48;2;182;27;26m▏[38;2;164;35;33;48;2;10;1;1m▏[48;2;0;0;0m   [38;2;0;0;0;48;2;1;0;0m┊[38;2;142;21;21;48;2;11;2;2m▂[48;2;0;0;0m  [38;2;101;14;16;48;2;1;0;0m▂[38;2;156;24;23;48;2;12;2;2m▃[38;2;154;24;23;48;2;40;6;7m╸[38;2;155;22;22;48;2;26;3;4m▄[38;2;99;14;15;48;2;152;23;21m▂[38;2;80;14;13;48;2;162;24;24m▄[38;2;93;13;15;48;2;170;24;23m▏[38;2;31;5;4;48;2;173;24;23m▗[38;2;6;1;1;48;2;133;19;19m▅[38;2;46;8;8;48;2;128;19;19m▖[38;2;184;26;24;48;2;179;25;25m┈[38;2;31;5;4;48;2;132;21;21m▚[38;2;46;3;4;48;2;164;25;25m╻[38;2;153;22;22;48;2;68;10;9m▆[38;2;175;26;24;48;2;30;4;5m▖[38;2;138;21;21;48;2;29;4;5m▗[38;2;152;22;22;48;2;5;0;0m▃[38;2;87;12;14;48;2;4;1;1m▁[48;2;0;0;0m [38;2;4;0;0;48;2;55;12;11m▉[38;2;119;17;19;48;2;9;1;1m▂[48;2;0;0;0m   [38;2;15;1;1;48;2;90;16;16m▎[38;2;91;16;16;48;2;26;2;2m▋[38;2;182;27;27;48;2;158;31;30m▉[0m
[38;2;119;17;14;48;2;183;27;26m▏[38;2;165;34;33;48;2;10;1;1m▏[48;2;0;0;0m   [38;2;20;3;3;48;2;153;23;23m▋[38;2;175;25;25;48;2;30;2;2m▉[48;2;0;0;0m [38;2;18;3;3;48;2;120;18;18m▍[38;2;97;15;16;48;2;144;22;23m▗[38;2;52;7;7;48;2;117;20;19m╃[38;2;33;6;6;48;2;111;23;24m▉[38;2;23;3;3;48;2;130;20;20m▝[38;2;37;4;5;48;2;143;22;21m▄[38;2;158;28;26;48;2;80;12;12m┃[38;2;119;18;18;48;2;5;1;1m▝[38;2;124;19;19;48;2;27;4;4m▚[38;2;159;28;29;48;2;7;1;1m▂[38;2;2;0;1;48;2;126;19;20m▘[38;2;38;5;4;48;2;169;25;24m▂[38;2;34;5;6;48;2;131;22;23m▉[38;2;20;0;0;48;2;143;22;23m┖[38;2;179;27;26;48;2;43;6;6m▘[38;2;124;19;20;48;2;29;0;1m▉[38;2;159;26;28;48;2;17;3;3m▝[38;2;66;10;10;48;2;146;23;21m▌[38;2;95;15;14;48;2;149;23;23m▖[38;2;151;24;24;48;2;12;2;2m▖[38;2;6;0;0;48;2;141;27;27m▉[38;2;187;26;24;48;2;181;26;25m┊[38;2;109;17;17;48;2;8;1;1m▎[48;2;0;0;0m  [38;2;123;20;22;48;2;42;6;7m┝[38;2;91;17;17;48;2;30;1;2m▋[38;2;183;26;28;48;2;158;31;30m▉[0m
[38;2;119;17;14;48;2;182;27;26m▏[38;2;164;35;33;48;2;10;1;1m▏[48;2;0;0;0m   [38;2;28;3;3;48;2;173;25;24m▎[38;2;184;25;25;48;2;183;25;24m┈[38;2;163;23;23;48;2;34;4;5m▖[38;2;159;24;24;48;2;100;16;14m▉[38;2;173;27;26;48;2;51;7;8m▝[38;2;60;10;10;48;2;135;20;20m┛[38;2;141;24;24;48;2;8;0;1m▍[38;2;147;24;23;48;2;20;2;3m▗[38;2;0;0;1;48;2;130;19;20m━[38;2;178;27;27;48;2;45;6;7m▂[38;2;171;24;23;48;2;66;11;12m▅[38;2;178;25;24;48;2;24;3;4m▃[38;2;180;28;28;48;2;13;1;1m▂[38;2;181;29;28;48;2;12;1;1m▂[38;2;174;25;24;48;2;37;5;5m▄[38;2;10;1;2;48;2;146;21;21m▝[38;2;173;28;28;48;2;56;8;8m▂[38;2;4;1;0;48;2;127;19;20m━[38;2;97;17;17;48;2;6;1;1m▖[38;2;12;2;1;48;2;154;24;25m▍[38;2;25;2;1;48;2;116;18;18m╾[38;2;30;2;2;48;2;112;17;17m┺[38;2;161;25;24;48;2;22;2;3m▊[38;2;3;0;0;48;2;139;21;21m▘[38;2;184;25;24;48;2;185;25;25m▇[38;2;173;26;27;48;2;14;1;1m▌[48;2;0;0;0m  [38;2;103;20;19;48;2;33;6;7m▝[38;2;101;17;17;48;2;31;4;3m┛[38;2;183;26;28;48;2;158;31;30m▉[0m
[38;2;119;17;14;48;2;183;27;26m▏[38;2;165;34;33;48;2;10;1;1m▏[48;2;0;0;0m [38;2;0;0;0;48;2;1;0;0m┈[38;2;150;27;27;48;2;10;1;1m▗[38;2;38;4;4;48;2;162;23;23m▎[38;2;184;25;24;48;2;183;26;24m▆[48;2;180;25;24m┈[38;2;178;26;24;48;2;63;10;9m▖[38;2;47;7;8;48;2;180;27;27m▆[38;2;134;22;21;48;2;41;6;6m▂[38;2;128;21;21;48;2;45;7;7m┏[38;2;58;11;11;48;2;151;23;22m▖[48;2;184;25;25m [38;2;184;25;24;48;2;185;26;25m▆[48;2;184;25;24m [48;2;183;26;24m▉[38;2;70;12;11;48;2;181;25;24m▂[38;2;88;14;12;48;2;178;25;25m▁[38;2;185;26;25;48;2;184;25;24m╴ [38;2;184;25;24;48;2;185;26;25m▆[38;2;186;26;24;48;2;184;26;25m┈[38;2;13;0;0;48;2;121;19;19m▁[38;2;107;17;16;48;2;13;2;2m▄[38;2;50;7;7;48;2;157;26;26m▆[38;2;40;6;5;48;2;182;27;27m▆[38;2;70;10;11;48;2;156;23;21m▘[38;2;184;25;25;48;2;185;25;24m┈[48;2;184;25;24m [38;2;165;24;24;48;2;66;10;10m▍[38;2;86;15;14;48;2;17;2;2m▏[48;2;0;0;0m  [38;2;1;0;0;48;2;51;2;4m▉[38;2;183;27;28;48;2;158;31;30m▉[0m
[38;2;119;17;14;48;2;182;27;26m▏[38;2;164;35;33;48;2;10;1;1m▏[38;2;161;24;24;48;2;13;2;2m▗[38;2;164;23;22;48;2;66;11;10m▇[38;2;165;24;24;48;2;128;21;21m▉[38;2;166;32;33;48;2;64;9;10m╲[38;2;64;9;10;48;2;174;24;24m▄[38;2;41;6;6;48;2;170;24;23m▃[38;2;35;4;5;48;2;144;22;21m┛[38;2;141;19;17;48;2;166;24;23m▁[38;2;177;25;24;48;2;106;13;12m▇[38;2;81;12;11;48;2;146;22;21m╺[38;2;23;3;3;48;2;130;19;19m▝[38;2;28;4;4;48;2;165;23;23m▖[48;2;184;25;24m [38;2;180;26;25m╶[38;2;99;13;12;48;2;169;24;23m╼[38;2;146;21;21;48;2;35;4;5m▆[38;2;158;23;21;48;2;66;9;10m▅[38;2;122;17;17;48;2;175;25;24m─[38;2;183;25;25;48;2;184;25;24m▁ [38;2;182;27;26;48;2;72;10;11m▘[38;2;40;6;7;48;2;147;23;22m▘[38;2;109;18;17;48;2;147;21;21m╵[38;2;175;24;24;48;2;145;20;18m▇[38;2;184;27;24;48;2;153;22;22m╴[38;2;70;10;9;48;2;137;20;20m━[38;2;20;2;2;48;2;179;26;25m▃[38;2;51;7;8;48;2;133;20;19m┏[38;2;64;10;11;48;2;126;21;20m▋[38;2;99;13;12;48;2;170;24;24m▁[38;2;167;24;24;48;2;40;6;6m▆[38;2;82;12;12;48;2;1;0;0m▖[38;2;1;0;0;48;2;51;2;4m▉[38;2;183;27;28;48;2;158;31;30m▉[0m
[38;2;119;17;14;48;2;183;27;26m▏[38;2;165;34;33;48;2;10;1;1m▏[38;2;32;3;3;48;2;170;25;24m▎[38;2;161;24;25;48;2;24;4;4m▍[38;2;21;3;4;48;2;170;26;25m▌[38;2;150;23;24;48;2;23;4;3m▍[38;2;79;13;12;48;2;170;25;24m▏[38;2;186;26;26;48;2;179;26;26m╴[38;2;179;26;25;48;2;66;10;10m▘[38;2;23;4;4;48;2;107;17;18m▚[38;2;15;1;2;48;2;183;27;27m▆[38;2;4;1;0;48;2;145;21;21m▖[38;2;184;25;24;48;2;178;24;24m┈[38;2;177;26;25;48;2;57;9;8m▖[38;2;29;5;4;48;2;163;23;23m▄[38;2;28;3;4;48;2;181;26;25m▂[38;2;47;7;7;48;2;163;23;23m▄[38;2;168;24;24;48;2;19;3;3m▃[38;2;164;24;24;48;2;47;7;7m▂[38;2;24;4;3;48;2;169;24;24m▃[38;2;28;3;3;48;2;178;26;25m▂[38;2;177;25;25;48;2;38;5;6m▘[38;2;20;3;3;48;2;160;23;23m▘[38;2;142;17;16;48;2;173;25;24m╵[38;2;14;2;3;48;2;159;23;23m▄[38;2;1;0;0;48;2;152;21;20m▅[38;2;106;18;20;48;2;23;3;3m▚[38;2;13;2;1;48;2;153;22;22m▖[38;2;185;26;26;48;2;125;19;18m▇[38;2;168;25;23;48;2;41;6;6m▋[38;2;20;2;3;48;2;164;24;24m▍[38;2;157;24;26;48;2;17;2;2m▎[38;2;42;6;6;48;2;172;25;25m▍[38;2;163;25;25;48;2;10;2;2m▌[38;2;1;0;0;48;2;51;2;1m▉[38;2;183;27;27;48;2;158;31;30m▉[0m
[38;2;119;17;14;48;2;182;27;26m▏[38;2;164;35;33;48;2;10;1;1m▏[38;2;119;18;19;48;2;6;1;1m▝[38;2;140;23;24;48;2;44;7;7m▖[38;2;7;0;0;48;2;160;25;25m▋[38;2;95;15;14;48;2;184;25;25m▝[38;2;115;16;15;48;2;174;24;23m▏[38;2;179;27;25;48;2;56;6;5m▉[38;2;12;2;2;48;2;140;22;21m▊[38;2;147;25;25;48;2;18;3;3m▎[48;2;0;0;0m  [38;2;180;26;23;48;2;43;6;7m▝[38;2;75;11;10;48;2;180;25;25m▁[38;2;175;24;24;48;2;42;5;7m▇[38;2;178;25;24;48;2;15;2;3m▆[38;2;185;26;25;48;2;175;24;23m╴[38;2;105;15;16;48;2;183;25;24m▂[38;2;118;16;17;48;2;180;25;24m▁[38;2;179;25;24;48;2;81;12;11m▇[38;2;176;25;24;48;2;6;1;1m▆[38;2;179;25;24;48;2;84;12;13m▇[38;2;73;10;11;48;2;180;25;24m▂[38;2;147;23;22;48;2;10;1;1m▘[38;2;2;0;0;48;2;0;0;0m╹ [38;2;25;4;4;48;2;143;24;23m▌[38;2;20;2;2;48;2;152;30;29m▉[38;2;183;25;24;48;2;184;25;24m▁[38;2;53;8;8;48;2;180;25;24m▝[38;2;185;25;25;48;2;177;25;25m┊[38;2;128;16;16;48;2;14;1;2m▏[38;2;3;0;2;48;2;114;18;18m▘[38;2;1;0;1;48;2;8;1;2m┊[38;2;1;0;0;48;2;51;2;1m▉[38;2;183;27;27;48;2;158;31;30m▉[0m
[38;2;119;17;14;48;2;183;27;26m▏[38;2;165;34;33;48;2;10;1;1m▏[48;2;0;0;0m [38;2;29;4;4;48;2;166;24;25m▌[38;2;177;25;24;48;2;130;19;19m▇[48;2;184;25;24m [38;2;185;25;23;48;2;184;26;25m┈[38;2;86;12;12;48;2;182;27;27m▍[38;2;4;0;1;48;2;140;20;19m▝[38;2;134;22;22;48;2;65;9;9m┗[38;2;98;15;15;48;2;8;1;1m▄[38;2;79;12;12;48;2;2;0;0m▁[48;2;0;0;0m [38;2;0;0;0;48;2;1;0;0m┈[38;2;30;4;5;48;2;130;19;20m▆[38;2;168;24;21;48;2;178;25;24m╷[38;2;126;19;20;48;2;159;24;23m╌[38;2;114;17;17;48;2;141;21;21m╸[38;2;121;17;18;48;2;145;21;22m└[38;2;152;23;24;48;2;164;24;23m┈[38;2;177;25;24;48;2;98;13;13m▉[38;2;11;1;1;48;2;122;18;18m▇[48;2;0;0;0m  [38;2;88;14;14;48;2;1;0;0m▂[38;2;125;20;20;48;2;40;6;5m┏[38;2;126;20;20;48;2;39;5;5m▚[38;2;22;3;3;48;2;173;25;24m▘[38;2;59;3;3;48;2;167;25;25m╽[38;2;184;25;24;48;2;184;25;25m┈[48;2;184;25;24m [38;2;118;15;15;48;2;179;26;25m╹[38;2;145;23;22;48;2;19;3;3m▎[48;2;0;0;0m [38;2;1;0;0;48;2;51;2;1m▉[38;2;183;27;27;48;2;158;31;30m▉[0m
[38;2;119;17;14;48;2;182;27;26m▏[38;2;164;35;33;48;2;10;1;1m▏[48;2;0;0;0m [38;2;14;2;2;48;2;170;30;30m▉[38;2;185;26;25;48;2;182;25;24m┊[38;2;185;25;24;48;2;180;25;24m┈[38;2;80;12;10;48;2;152;22;22m┎[38;2;115;16;17;48;2;173;25;24m▏[38;2;139;22;22;48;2;160;23;23m╶[38;2;185;26;24;48;2;182;26;27m┈[38;2;169;24;23;48;2;48;6;6m▆[38;2;35;4;4;48;2;136;21;21m╺[38;2;112;17;16;48;2;3;0;0m▇[38;2;145;21;19;48;2;10;0;2m▆[38;2;182;25;24;48;2;109;17;17m▇[38;2;184;25;25;48;2;173;24;24m╴[38;2;69;10;11;48;2;168;25;24m▄[38;2;45;7;6;48;2;169;25;25m▅[38;2;60;9;9;48;2;162;24;24m▅[38;2;77;11;11;48;2;166;23;24m▃[38;2;181;28;24;48;2;180;25;24m╴[38;2;176;24;25;48;2;65;9;10m▇[38;2;127;18;18;48;2;4;0;0m▆[38;2;28;2;3;48;2;120;18;19m╼[38;2;171;26;25;48;2;82;12;12m▄[38;2;175;25;24;48;2;76;11;11m▆[38;2;186;27;26;48;2;177;26;25m┈[38;2;134;20;19;48;2;165;24;23m┐[38;2;77;10;11;48;2;176;25;25m▝[38;2;131;20;20;48;2;158;22;22m╴[38;2;166;24;23;48;2;179;25;24m╷[38;2;182;26;26;48;2;94;12;12m▉[38;2;0;0;0;48;2;3;1;0m┊[48;2;0;0;0m [38;2;1;0;0;48;2;51;2;1m▉[38;2;183;27;27;48;2;158;31;30m▉[0m
[38;2;119;17;14;48;2;183;27;26m▏[38;2;165;34;33;48;2;10;1;1m▏[48;2;0;0;0m [38;2;1;0;0;48;2;78;14;13m▉[38;2;122;19;19;48;2;179;25;24m▏[38;2;163;27;26;48;2;53;8;8m▎[38;2;172;24;24;48;2;110;15;15m▇[38;2;23;4;3;48;2;145;21;20m▗[38;2;72;11;11;48;2;145;20;20m┛[38;2;159;23;22;48;2;52;5;5m▇[38;2;31;5;5;48;2;145;21;21m▂[38;2;3;0;0;48;2;151;21;21m▁[38;2;85;11;12;48;2;169;25;24m▁[38;2;164;24;24;48;2;99;15;14m▇[38;2;35;3;4;48;2;155;23;23m┏[38;2;176;26;25;48;2;86;13;13m▄[38;2;62;6;6;48;2;179;26;27m▁[38;2;185;26;25;48;2;184;26;25m┈[38;2;186;26;24;48;2;182;26;25m┊[38;2;74;9;8;48;2;166;24;23m▁[38;2;40;5;6;48;2;141;20;21m╺[38;2;54;6;6;48;2;156;23;22m▖[38;2;184;26;25;48;2;161;25;23m┈[38;2;53;4;5;48;2;167;25;24m▁[38;2;15;1;1;48;2;145;21;20m▁[38;2;17;2;2;48;2;150;21;21m▂[38;2;173;25;24;48;2;71;9;9m▆[38;2;10;0;1;48;2;127;19;19m╺[38;2;26;3;3;48;2;178;26;25m▖[38;2;53;8;8;48;2;163;24;23m▝[38;2;45;6;7;48;2;174;25;25m▌[38;2;51;8;8;48;2;167;24;23m▗[38;2;2;0;1;48;2;0;0;0m▏ [38;2;1;0;0;48;2;51;2;1m▉[38;2;183;27;27;48;2;158;31;30m▉[0m
[38;2;119;17;14;48;2;182;27;26m▏[38;2;164;35;33;48;2;10;1;1m▏[48;2;0;0;0m  [38;2;144;22;22;48;2;10;1;1m▝[38;2;56;8;8;48;2;154;23;22m▝[38;2;186;25;23;48;2;171;24;24m┊[38;2;50;5;6;48;2;143;22;22m╿[38;2;185;25;24;48;2;184;25;25m┊[38;2;172;25;25;48;2;46;7;7m▌[38;2;0;0;1;48;2;1;0;0m┊[48;2;0;0;0m  [38;2;4;1;1;48;2;82;11;11m▇[38;2;65;11;11;48;2;144;24;21m▆[38;2;132;19;20;48;2;71;11;12m▆[38;2;174;25;25;48;2;18;2;2m▆[38;2;39;5;5;48;2;141;21;22m▁[38;2;54;8;8;48;2;121;18;18m▁[38;2;176;26;25;48;2;17;2;2m▆[38;2;83;13;13;48;2;138;20;21m▃[38;2;40;7;7;48;2;136;21;21m▆[38;2;0;0;0;48;2;6;1;1m┈[38;2;0;0;1;48;2;0;0;0m╴[38;2;0;0;0;48;2;0;0;2m▇[38;2;0;0;1;48;2;9;2;2m╴[38;2;63;9;9;48;2;176;25;25m▎[38;2;186;26;25;48;2;181;26;25m┊[38;2;83;12;12;48;2;175;26;25m▌[38;2;98;15;14;48;2;164;24;23m┍[38;2;80;11;13;48;2;181;26;26m▚[38;2;68;9;9;48;2;10;2;2m▏[38;2;0;0;0;48;2;1;0;0m▇[48;2;0;0;0m [38;2;1;0;0;48;2;51;2;1m▉[38;2;183;27;27;48;2;158;31;30m▉[0m
[38;2;119;17;14;48;2;183;27;26m▏[38;2;165;34;33;48;2;10;1;1m▏[48;2;0;0;0m  [38;2;0;0;0;48;2;8;1;1m╴[38;2;104;15;16;48;2;177;25;24m▎[38;2;17;1;1;48;2;158;23;22m╺[38;2;57;8;9;48;2;133;20;20m┒[38;2;101;14;14;48;2;167;25;24m▁[38;2;14;1;2;48;2;158;23;23m▝[38;2;0;0;0;48;2;1;0;0m┈[48;2;0;0;0m [38;2;8;1;1;48;2;84;14;14m▉[38;2;171;24;24;48;2;1;0;0m▅[38;2;164;24;23;48;2;8;1;1m▄[38;2;122;18;19;48;2;63;10;11m▁[38;2;69;11;11;48;2;154;24;25m▇[38;2;24;3;3;48;2;105;17;17m━[38;2;15;2;2;48;2;111;17;17m━[38;2;133;22;23;48;2;53;7;8m╼[38;2;148;22;21;48;2;55;9;9m▂[38;2;178;25;25;48;2;13;1;2m▄[38;2;157;24;24;48;2;2;0;0m▅[38;2;15;1;2;48;2;1;0;0m╴[48;2;0;0;0m [38;2;0;0;0;48;2;10;2;2m╴[38;2;95;15;13;48;2;177;25;25m▘[38;2;84;13;13;48;2;161;24;23m▂[38;2;18;2;2;48;2;137;20;20m╺[38;2;89;14;17;48;2;170;24;23m╸[38;2;164;24;23;48;2;46;7;8m▋[48;2;0;0;0m   [38;2;1;0;0;48;2;51;2;1m▉[38;2;183;27;27;48;2;158;31;30m▉[0m
[38;2;119;17;14;48;2;182;27;26m▏[38;2;164;35;33;48;2;10;1;1m▏[48;2;0;0;0m  [38;2;5;0;0;48;2;158;26;26m▋[38;2;57;7;9;48;2;152;23;22m┃[38;2;60;5;4;48;2;169;25;25m╻[38;2;186;26;26;48;2;183;26;25m╴[38;2;171;24;24;48;2;87;13;12m▆[38;2;122;16;17;48;2;160;24;24m╌[38;2;182;26;25;48;2;60;9;9m▖[48;2;0;0;0m [38;2;0;0;0;48;2;2;0;0m┈[38;2;176;26;24;48;2;37;6;6m▝[38;2;184;25;24;48;2;183;25;24m┈[38;2;185;26;25;48;2;177;25;24m┈[38;2;122;20;19;48;2;2;0;0m▇[38;2;136;20;21;48;2;3;1;1m▆[38;2;180;27;26;48;2;56;8;9m▖[38;2;149;24;23;48;2;15;2;3m▇[38;2;184;25;24;48;2;184;25;25m┈[38;2;180;25;25;48;2;127;19;20m▉[38;2;131;20;20;48;2;6;1;1m▘[48;2;0;0;0m [38;2;0;0;0;48;2;6;1;1m┊[38;2;22;4;4;48;2;163;24;23m▘[38;2;114;16;16;48;2;153;23;23m╺[38;2;180;24;24;48;2;83;11;11m▆[38;2;184;25;25;48;2;182;27;24m▇[38;2;96;16;15;48;2;175;26;25m▖[38;2;77;11;11;48;2;173;29;28m▌[38;2;126;20;21;48;2;4;0;0m▏[48;2;0;0;0m  [38;2;1;0;0;48;2;51;2;1m▉[38;2;183;27;27;48;2;158;31;30m▉[0m
[38;2;119;17;14;48;2;183;27;26m▏[38;2;165;34;33;48;2;10;1;1m▏[48;2;0;0;0m  [38;2;8;1;1;48;2;78;12;13m▉[38;2;96;13;13;48;2;159;25;25m╹[38;2;108;16;15;48;2;182;25;25m▘[38;2;148;22;19;48;2;170;24;24m╶[38;2;185;26;24;48;2;182;26;25m╴[38;2;184;26;25;48;2;172;25;24m╴[38;2;134;19;18;48;2;170;24;23m╴[38;2;105;17;16;48;2;4;0;1m▅[38;2;148;23;21;48;2;60;11;11m▄[38;2;151;23;24;48;2;23;3;3m▖[38;2;39;5;5;48;2;176;26;25m▏[38;2;90;15;15;48;2;181;26;25m▗[38;2;17;3;2;48;2;8;1;1m┊[38;2;2;0;0;48;2;109;17;19m▆[38;2;6;1;1;48;2;100;17;17m▇[38;2;105;16;15;48;2;10;1;1m▝[38;2;184;25;25;48;2;178;25;24m┊[38;2;174;27;27;48;2;21;1;2m▋[38;2;148;23;22;48;2;34;5;6m▃[38;2;158;24;25;48;2;61;10;10m▖[38;2;178;25;24;48;2;60;10;11m▗[38;2;133;21;19;48;2;170;24;23m╺[38;2;185;26;24;48;2;181;25;25m┈[38;2;185;27;25;48;2;174;25;24m┈[38;2;156;22;21;48;2;176;25;24m╸[38;2;93;14;15;48;2;170;25;24m╹[38;2;57;9;10;48;2;146;22;22m▗[38;2;0;0;0;48;2;2;0;0m┈[48;2;0;0;0m  [38;2;1;0;0;48;2;51;2;1m▉[38;2;183;27;27;48;2;158;31;30m▉[0m
[38;2;119;17;14;48;2;182;27;26m▏[38;2;164;35;33;48;2;10;1;1m▏[48;2;0;0;0m   [38;2;25;3;4;48;2;180;27;27m▍[48;2;184;25;24m [38;2;184;25;24;48;2;183;25;24m┈[38;2;122;21;20;48;2;155;22;21m╸[48;2;184;25;24m [38;2;185;25;23m▁[38;2;10;1;1;48;2;139;21;20m▗[38;2;6;1;0;48;2;99;15;15m▋[38;2;183;25;25;48;2;178;26;25m┊[38;2;185;27;23;48;2;175;25;24m┈[38;2;135;20;19;48;2;27;4;4m▍[38;2;158;25;26;48;2;7;1;1m▂[38;2;143;23;22;48;2;8;2;2m▗[38;2;107;16;17;48;2;6;1;1m▂[38;2;132;19;20;48;2;7;1;1m▂[38;2;60;9;9;48;2;159;23;22m▌[38;2;169;23;23;48;2;178;25;25m┊[38;2;170;25;24;48;2;95;14;16m▉[38;2;59;8;10;48;2;5;1;1m▏[38;2;44;6;8;48;2;166;24;23m▖[38;2;184;25;24;48;2;185;24;25m▆[48;2;185;25;23m▊[38;2;82;12;13;48;2;165;25;24m╽[48;2;185;26;25m [48;2;184;25;24m [38;2;174;28;29;48;2;16;1;1m▍[48;2;0;0;0m   [38;2;1;0;0;48;2;51;2;1m▉[38;2;183;27;27;48;2;158;31;30m▉[0m
[38;2;119;17;14;48;2;183;27;26m▏[38;2;165;34;33;48;2;10;1;1m▏[48;2;0;0;0m  [38;2;0;0;0;48;2;9;1;2m╴[38;2;105;17;16;48;2;182;25;25m▘[48;2;184;25;24m  [38;2;79;12;12;48;2;182;26;25m▋[38;2;183;26;24;48;2;184;25;24m▎[38;2;180;26;25;48;2;61;9;9m▋[38;2;0;0;1;48;2;3;0;1m┈[38;2;1;0;0;48;2;111;19;18m▅[38;2;180;27;27;48;2;40;7;6m▝[38;2;9;0;1;48;2;179;26;24m▂[38;2;16;3;3;48;2;137;21;19m▃[38;2;41;7;7;48;2;167;26;26m▄[38;2;162;23;25;48;2;63;11;11m▝[38;2;10;0;1;48;2;122;19;20m┸[38;2;24;4;4;48;2;140;22;21m▄[38;2;32;5;5;48;2;179;25;25m▃[38;2;9;0;2m▂[38;2;26;4;4;48;2;149;24;23m▆[38;2;105;16;16;48;2;8;1;1m▘[38;2;7;1;1;48;2;63;10;9m▇[38;2;104;11;11;48;2;182;27;26m▏[38;2;186;26;25;48;2;184;25;24m┈[38;2;79;13;12;48;2;169;25;24m▋[38;2;183;25;24;48;2;184;25;24m▏ [38;2;18;2;2;48;2;159;23;23m▝[48;2;0;0;0m   [38;2;1;0;0;48;2;51;2;1m▉[38;2;183;27;27;48;2;158;31;30m▉[0m
[38;2;119;17;14;48;2;182;27;26m▏[38;2;164;35;33;48;2;10;1;1m▏[48;2;0;0;0m  [38;2;9;1;1;48;2;150;23;21m▘[48;2;184;25;24m  [38;2;184;25;24;48;2;182;26;25m┊[38;2;36;3;3;48;2;168;27;27m▚[38;2;27;4;4;48;2;172;24;23m▂[38;2;82;14;14;48;2;181;26;25m▝[38;2;88;14;14;48;2;1;0;0m▖[38;2;89;19;18;48;2;10;2;2m╺[38;2;0;0;0;48;2;13;2;2m┊[48;2;0;0;0m [38;2;51;11;11;48;2;15;2;2m╵[38;2;129;18;19;48;2;30;5;5m▃[38;2;176;25;24;48;2;6;0;0m▅[38;2;167;24;23m▅[38;2;113;16;17;48;2;34;5;6m▂[38;2;1;1;1;48;2;11;2;3m╴[38;2;0;0;0;48;2;1;1;2m▇[38;2;84;15;15;48;2;10;2;2m▝[38;2;45;8;8;48;2;1;0;0m▏[38;2;148;22;20;48;2;13;1;2m▗[38;2;186;24;26;48;2;173;25;23m╴[38;2;31;5;5;48;2;176;25;24m▃[38;2;55;8;9;48;2;137;21;21m┛[38;2;184;25;24;48;2;185;25;25m▏[48;2;184;25;24m [38;2;185;25;24;48;2;183;25;24m┈[38;2;176;26;25;48;2;33;5;5m▖[48;2;0;0;0m  [38;2;1;0;0;48;2;51;2;1m▉[38;2;183;27;27;48;2;158;31;30m▉[0m
[38;2;119;17;14;48;2;183;27;26m▏[38;2;165;34;33;48;2;10;1;1m▏[48;2;0;0;0m [38;2;0;0;0;48;2;33;1;1m▉[38;2;148;32;32;48;2;184;25;25m▏[48;2;184;25;24m [38;2;184;25;24;48;2;182;25;24m┈[38;2;40;6;6;48;2;167;23;22m▃[38;2;77;11;11;48;2;1;0;0m▘[38;2;0;0;1;48;2;0;0;0m┊[38;2;4;0;0;48;2;96;14;14m▆[38;2;40;5;6;48;2;159;24;24m▖[38;2;154;22;21;48;2;18;3;3m▃[38;2;170;26;25;48;2;5;1;1m▂[38;2;164;23;23;48;2;14;2;2m▄[38;2;181;25;25;48;2;88;14;13m▆[38;2;186;25;27;48;2;184;25;24m┙  [38;2;184;25;24;48;2;183;25;25m┊[38;2;173;24;24;48;2;47;7;7m▆[38;2;172;25;23;48;2;16;2;2m▃[38;2;165;24;26;48;2;2;0;0m▂[38;2;172;24;25;48;2;46;7;6m▃[38;2;4;0;1;48;2;137;21;21m▗[38;2;4;1;1;48;2;79;12;13m▇[48;2;1;0;0m [38;2;137;20;20;48;2;9;1;1m▝[38;2;56;9;9;48;2;172;24;24m▖[48;2;184;25;24m  [38;2;176;26;26;48;2;26;1;1m▊[48;2;0;0;0m  [38;2;1;0;0;48;2;51;2;1m▉[38;2;183;27;27;48;2;158;31;30m▉[0m
[38;2;119;17;14;48;2;182;27;26m▏[38;2;164;35;33;48;2;10;1;1m▏[48;2;0;0;0m  [38;2;8;1;1;48;2;146;22;21m▃[38;2;3;0;0;48;2;155;22;22m▄[38;2;1;0;0;48;2;91;14;12m▆[48;2;0;0;0m [38;2;0;0;1m▘  [38;2;0;0;0;48;2;9;1;1m┈[38;2;25;4;4;48;2;162;23;23m▖[38;2;182;27;25;48;2;186;26;25m▁[48;2;184;25;24m   [38;2;99;14;13;48;2;176;24;24m▁[38;2;185;25;24;48;2;184;26;24m┊[38;2;185;26;25;48;2;184;25;24m▖  [48;2;175;25;23m┊[38;2;184;27;26;48;2;50;8;8m▘[38;2;0;0;0;48;2;1;0;0m┈[48;2;0;0;0m   [48;2;1;0;0m┈[38;2;6;1;1;48;2;136;21;20m▆[38;2;14;2;2;48;2;171;24;23m▄[38;2;181;26;25;48;2;29;4;5m▘[48;2;0;0;0m  [38;2;1;0;0;48;2;51;2;1m▉[38;2;183;27;27;48;2;158;31;30m▉[0m
[38;2;119;17;14;48;2;182;27;26m▏[38;2;165;35;33;48;2;44;6;6m▏[38;2;89;16;17;48;2;37;5;5m┖[38;2;105;19;20;48;2;35;5;6m┑[38;2;110;19;18;48;2;28;5;5m╺[38;2;115;22;20;48;2;57;9;9m┖[38;2;77;14;14;48;2;6;0;0m▎[38;2;33;0;0;48;2;0;0;0m▁▁▁▁▁[48;2;1;0;0m▁[38;2;11;1;1;48;2;128;19;19m▅[38;2;14;0;1;48;2;177;27;26m▄[38;2;18;1;1;48;2;178;27;26m▄[38;2;19;1;2;48;2;173;26;24m▅[38;2;8;0;1;48;2;59;9;9m▇[38;2;142;21;20;48;2;22;2;2m▝[38;2;14;0;0;48;2;179;27;26m▄[48;2;178;27;25m▄[38;2;19;1;2;48;2;171;25;24m▅[38;2;10;1;1;48;2;81;12;12m▇[38;2;34;0;0;48;2;0;0;0m▁▁▁▁▁▁▁▁▁▁▁[38;2;5;0;0;48;2;53;2;2m▉[38;2;183;27;27;48;2;158;31;30m▉[0m
[38;2;116;15;14;48;2;182;27;26m▏[38;2;31;4;4;48;2;166;32;30m▆[38;2;21;3;3;48;2;164;31;30m▆[38;2;18;2;2;48;2;169;32;32m▆[38;2;9;1;1;48;2;153;24;23m▖[38;2;183;26;25;48;2;166;38;35m▇[38;2;34;5;5;48;2;168;32;32m▆[38;2;10;1;1;48;2;167;32;31m▆[38;2;107;18;17;48;2;177;27;27m▏[38;2;180;28;28;48;2;56;9;10m▍[38;2;21;3;3;48;2;166;32;30m▆[38;2;23;3;3;48;2;169;32;31m▆[38;2;3;0;1;48;2;147;24;23m▖[38;2;27;4;4;48;2;167;33;32m▆[38;2;57;8;9;48;2;165;29;28m▍[38;2;21;3;3;48;2;169;32;31m▆[38;2;7;0;1;48;2;137;22;21m╸[38;2;184;25;24;48;2;167;38;38m▇[48;2;169;38;38m▇[48;2;175;27;25m╴[38;2;26;4;4;48;2;170;32;32m▆[38;2;47;8;8;48;2;169;27;26m▌[38;2;168;26;25;48;2;47;8;8m▍[38;2;24;3;3;48;2;166;32;32m▆[38;2;21;3;3;48;2;170;33;32m▆[38;2;5;0;0;48;2;157;26;25m▖[38;2;20;2;2;48;2;166;32;31m▆[38;2;7;0;1;48;2;165;32;33m▆[38;2;104;18;18;48;2;177;28;25m▏[38;2;25;3;3;48;2;167;33;31m▆[38;2;5;0;0;48;2;164;33;31m▆[38;2;73;13;13;48;2;167;32;31m▆[38;2;40;6;6;48;2;168;33;31m▆[38;2;7;0;0;48;2;147;24;24m▗[38;2;58;8;8;48;2;165;32;30m▆[38;2;184;25;26;48;2;158;31;30m▉[0m
[38;2;110;16;11;48;2;182;26;26m▏[38;2;159;33;35;48;2;9;0;0m▏[38;2;6;0;1;48;2;176;25;25m▍[38;2;169;26;25;48;2;23;2;2m▋[38;2;1;0;0;48;2;60;6;6m▉[38;2;168;26;27;48;2;55;8;8m▋[38;2;2;0;0;48;2;90;14;13m▊[38;2;120;21;22;48;2;6;1;1m▍[38;2;23;4;3;48;2;159;23;22m▌[38;2;181;26;27;48;2;17;2;3m▍[38;2;113;17;16;48;2;1;0;0m▝[38;2;115;17;17;48;2;4;0;1m▘[38;2;5;0;1;48;2;142;21;23m▘[38;2;155;29;28;48;2;6;0;0m▏[38;2;103;26;25;48;2;12;1;1m╏[38;2;16;2;3;48;2;126;20;20m▉[38;2;181;26;25;48;2;149;19;19m▉[38;2;28;2;2;48;2;183;27;25m▃[38;2;65;11;11;48;2;175;25;24m▂[38;2;162;25;23;48;2;27;4;4m▘[38;2;139;23;22;48;2;13;2;2m▖[38;2;3;0;0;48;2;160;24;25m▌[38;2;164;25;24;48;2;4;0;0m▍[38;2;134;22;21;48;2;1;0;0m▝[38;2;92;13;14;48;2;6;1;1m▘[38;2;5;0;0;48;2;155;23;24m▘[38;2;121;19;19;48;2;2;0;0m▏[38;2;98;23;22;48;2;18;4;4m▖[38;2;155;30;28;48;2;51;8;8m╿[38;2;101;22;22;48;2;18;5;5m▗[38;2;0;0;0;48;2;11;0;0m▉[38;2;84;17;15;48;2;171;25;25m▏[38;2;93;14;15;48;2;3;0;0m▖[38;2;61;13;13;48;2;16;3;3m╲[38;2;95;15;16;48;2;183;25;25m▘[38;2;184;25;25;48;2;158;31;30m▉[0m
[38;2;110;16;12;48;2;182;26;27m▏[38;2;160;32;34;48;2;20;1;2m▏[38;2;120;17;19;48;2;24;3;3m▝[38;2;134;21;21;48;2;28;4;4m▁[38;2;0;0;0;48;2;128;19;19m▘[38;2;123;19;20;48;2;21;3;3m▎[38;2;183;26;27;48;2;29;4;5m▗[38;2;151;22;22;48;2;17;2;2m▄[38;2;89;11;12;48;2;14;2;2m▁[38;2;138;21;21;48;2;11;1;2m▌[38;2;16;1;1;48;2;156;25;24m▋[38;2;159;23;24;48;2;28;4;4m▖[38;2;28;4;4;48;2;141;21;22m▋[38;2;155;29;29;48;2;16;1;1m▏[38;2;27;1;2;48;2;152;25;25m▍[38;2;92;14;14;48;2;9;1;1m▖[38;2;56;8;8;48;2;146;21;21m▌[38;2;183;26;24;48;2;38;2;2m▆[38;2;168;23;23;48;2;66;10;9m▆[38;2;179;27;26;48;2;7;0;0m▄[38;2;166;28;28;48;2;11;1;1m▖[38;2;164;25;27m▗[38;2;134;23;21;48;2;15;1;2m▍[38;2;26;2;2;48;2;169;30;29m▋[38;2;138;22;22;48;2;21;3;3m▖[38;2;37;5;5;48;2;154;24;24m▋[38;2;125;20;20;48;2;13;1;2m▏[38;2;130;23;22;48;2;44;6;6m▊[38;2;89;11;12;48;2;1;1;1m▁[38;2;38;5;4;48;2;133;22;23m▎[38;2;89;11;11;48;2;2;0;0m▁[38;2;90;17;16;48;2;184;26;25m▏[38;2;167;24;23;48;2;14;1;1m▌[38;2;13;1;2;48;2;156;24;25m▋[48;2;184;25;24m [38;2;184;25;25;48;2;158;31;30m▉[0m
[38;2;162;24;24;48;2;94;14;14m▄[38;2;100;14;14;48;2;141;20;20m╹╹╹[38;2;101;14;14m╹[38;2;100;14;14m╹[38;2;99;14;14m╹[38;2;100;14;14m╹[38;2;99;14;14m╹[38;2;99;14;13;48;2;141;20;19m╹╹[38;2;99;14;14;48;2;141;20;20m╹[38;2;99;13;15m╹[38;2;100;14;15m╹[38;2;100;14;14m╹╹[38;2;101;14;15m╹[38;2;99;14;14m╹╹╹[38;2;100;14;14m╹[38;2;100;14;15m╹[38;2;101;13;15m╹[38;2;99;14;15m╹[48;2;140;20;20m╹[38;2;100;14;14;48;2;142;20;20m╹[38;2;101;13;15;48;2;141;20;20m╹[38;2;100;14;14m╹[38;2;100;14;15m╹[38;2;98;14;13;48;2;140;20;20m╹[38;2;100;14;15;48;2;141;20;20m╹[38;2;101;14;15;48;2;142;20;20m╹[38;2;101;13;15;48;2;141;20;20m╹[38;2;100;14;14m╹[48;2;141;20;19m╹[38;2;99;14;15;48;2;138;21;21m╹[0m
